Block Size: 2
Codebook Size: 32
Codebook:
214 213 212 209
196 195 199 199
189 184 189 178
182 189 163 184
162 157 198 197
108 94 156 152
168 160 167 160
152 158 149 159
144 138 148 144
132 144 130 137
123 182 148 190
78 183 86 190
186 113 189 101
137 51 152 60
133 123 135 119
118 126 116 128
184 191 127 119
141 150 70 69
112 110 114 110
103 104 101 102
93 85 105 95
92 93 87 88
91 112 98 127
66 116 60 103
77 75 83 85
78 69 69 63
45 78 42 84
51 44 80 69
49 50 49 49
37 37 36 38
19 22 27 25
9 13 6 8
Vector Labels:
21 21 21 21 21 21 21 19 20 20 19 24 24 24 21 24 24 24 24 24 20 24 20 18 18 20 21 19 21 19 20 21 24 24 27 28 25 28 28 28 29 28 28 29 29 29 29 29 29 23 15 9 14 19 15 21 21 21 21 21 21 24 21 25 21 19 20 19 21 21 21 22 14 19 14 9 5 19 21 21 22 20 19 19 21 21 21 25 25 24 24 25 24 24 24 27 27 27 29 29 29 29 29 29 22 9 14 14 19 22 19 20 20 21 20 21 21 20 21 24 25 21 24 21 19 21 18 19 18 14 22 8 8 15 19 15 20 20 19 24 24 20 20 21 20 19 22 18 15 18 18 15 18 20 27 29 29 29 29 22 9 9 18 18 15 20 24 21 19 18 20 20 19 21 21 24 24 21 21 21 21 15 18 19 8 15 7 7 8 18 19 19 18 21 24 21 19 20 22 22 5 5 15 14 14 15 18 18 21 18 20 27 29 29 15 8 8 8 18 18 20 20 21 21 21 21 19 21 21 21 21 20 20 24 20 21 21 19 22 8 14 7 6 8 7 8 8 5 5 5 5 18 15 8 6 6 14 8 8 9 8 14 15 14 15 15 20 28 26 15 7 8 8 14 15 21 24 21 21 24 21 19 20 24 24 21 20 21 19 21 20 21 24 23 6 14 17 7 6 6 8 6 8 8 8 8 7 6 3 4 14 15 8 9 7 8 9 14 15 15 18 21 28 26 9 7 8 7 8 15 24 24 24 21 24 21 21 21 21 21 20 19 21 21 21 21 25 24 22 12 15 5 5 6 6 6 7 6 6 7 8 6 7 6 6 7 7 8 8 7 6 14 15 18 15 18 20 28 26 9 7 8 9 14 18 20 20 24 25 25 25 24 21 21 24 21 24 21 25 28 28 24 24 11 4 7 6 2 3 6 6 4 3 2 6 6 6 9 17 9 7 4 6 6 8 7 8 15 14 18 18 20 27 23 8 7 8 9 14 15 19 19 20 24 24 24 21 24 24 20 24 25 25 28 24 24 24 24 11 2 3 2 2 1 1 2 1 1 1 6 3 2 4 5 14 9 6 6 6 6 9 8 14 14 18 15 20 25 23 9 7 6 8 14 18 21 18 20 21 21 20 20 21 21 21 25 25 27 24 20 21 24 20 10 1 1 1 16 17 16 2 2 1 1 1 1 2 3 1 6 10 2 6 7 6 8 7 8 14 18 15 18 25 22 19 9 6 6 8 15 22 18 18 19 19 19 20 21 21 24 24 24 21 19 19 20 19 18 15 3 3 7 12 13 26 11 2 3 2 17 17 3 1 1 2 0 2 6 8 6 6 7 8 14 15 14 18 24 14 18 19 15 6 6 18 18 15 19 20 19 18 20 20 21 21 20 21 19 19 19 19 19 18 19 9 8 10 0 4 5 11 2 1 12 13 23 10 3 0 1 1 6 6 6 7 6 7 8 14 9 18 19 25 15 15 18 15 9 8 14 19 18 19 19 19 19 18 19 20 24 21 19 19 19 19 19 18 18 18 18 10 2 1 0 0 10 1 2 5 4 4 0 12 3 1 3 3 6 6 7 6 7 8 14 14 18 18 25 15 14 14 15 15 14 18 19 22 20 19 19 19 19 21 21 21 21 19 19 19 18 19 19 18 15 18 9 6 14 3 2 6 3 6 10 0 0 0 1 7 8 7 3 6 6 7 6 7 7 8 9 8 20 28 23 7 14 22 18 14 14 19 19 19 19 19 19 19 21 21 20 21 25 19 18 18 18 22 21 15 21 15 8 14 3 0 4 17 10 0 0 7 3 1 6 14 9 6 6 7 7 6 6 7 6 8 8 20 25 23 9 8 15 5 8 5 19 18 18 19 21 22 20 19 20 25 24 21 18 19 19 21 24 22 18 20 17 15 14 9 3 16 17 1 0 2 7 3 2 6 15 14 7 6 8 7 8 7 3 2 6 14 21 25 25 15 7 8 9 7 6 19 15 18 18 19 18 19 19 21 20 21 20 19 20 19 20 19 18 19 25 24 21 9 8 14 9 8 9 6 7 4 3 2 14 15 14 9 6 8 8 7 7 3 6 8 18 24 26 28 23 9 8 7 6 7 19 18 19 19 19 19 19 19 20 19 19 18 19 19 18 19 18 19 20 20 24 19 21 19 19 18 15 15 9 7 16 16 14 22 9 8 15 8 9 9 7 8 7 8 6 18 25 26 24 27 23 8 7 7 14 19 19 19 19 19 19 19 20 19 19 19 18 18 19 18 18 19 20 15 14 18 24 21 20 21 19 19 19 15 18 18 18 15 15 7 7 9 14 18 18 19 19 19 9 14 20 25 23 19 18 5 19 7 9 9 19 19 19 19 19 18 19 18 18 18 19 15 18 18 18 18 18 18 7 7 8 5 20 20 21 19 19 19 18 15 15 15 8 7 7 7 8 18 21 21 25 25 24 21 19 24 28 26 19 19 9 14 15 8 9 19 19 19 19 19 19 19 18 20 21 21 19 18 18 18 18 18 18 7 6 6 9 8 18 19 19 19 18 18 18 15 8 8 7 6 7 14 21 21 21 24 28 24 25 25 25 28 26 20 22 9 8 15 6 7 19 19 19 21 20 19 19 18 19 20 20 19 18 18 18 18 18 15 10 2 6 2 7 8 18 18 18 18 18 14 9 7 6 6 6 7 7 18 21 21 24 27 26 25 25 25 28 26 19 22 9 8 5 7 8 19 19 19 19 18 19 20 19 19 22 14 14 18 18 19 18 15 9 6 4 2 7 6 8 14 18 19 19 18 15 9 8 7 6 2 2 6 13 26 22 18 20 27 25 25 28 28 26 22 22 8 9 7 6 8 19 19 19 21 18 15 15 5 15 9 15 14 9 9 14 9 9 9 10 2 3 2 4 6 14 25 29 29 29 23 15 9 7 2 2 6 9 13 31 23 9 8 13 29 29 29 27 23 19 19 7 8 7 7 9 18 18 18 15 5 14 9 9 14 15 9 14 9 9 14 14 14 9 16 7 1 2 6 9 25 29 30 29 30 29 28 21 21 17 21 22 4 12 31 26 4 1 12 31 31 29 25 23 18 18 15 6 8 9 15 8 9 8 9 8 8 9 8 8 8 14 18 9 14 14 15 14 25 26 16 16 15 7 14 28 29 29 30 29 29 29 29 22 8 4 1 2 13 30 11 0 0 12 31 31 30 25 23 18 18 15 9 7 9 8 14 8 9 8 8 8 9 9 8 9 14 14 9 15 14 18 18 8 5 24 27 26 6 25 29 29 29 29 29 29 29 29 23 7 2 2 17 13 30 11 0 0 13 30 30 30 31 26 18 19 18 19 9 6 8 8 9 8 8 8 8 8 9 9 9 9 14 15 14 18 18 22 3 1 4 4 5 14 29 29 29 29 29 29 29 29 28 29 17 17 24 10 13 27 10 0 0 12 20 20 27 27 20 19 18 18 15 9 7 7 8 9 8 8 8 8 8 8 9 8 9 8 14 15 18 19 22 2 2 1 0 0 12 29 29 29 29 29 28 28 28 28 22 5 4 4 2 8 5 1 0 0 12 14 18 19 22 24 21 20 19 18 15 7 7 14 8 8 8 9 14 8 7 8 8 9 18 9 14 15 18 19 15 7 16 16 3 13 29 29 29 29 28 28 28 28 25 23 3 1 1 2 6 10 0 1 1 12 8 8 14 9 25 24 19 20 21 15 9 6 8 9 9 8 7 8 8 8 8 8 8 8 14 15 14 15 15 20 24 25 28 23 25 29 29 29 29 28 28 28 28 28 26 3 1 2 3 6 10 16 1 3 8 6 7 8 8 28 21 20 19 20 21 15 9 8 8 8 9 9 8 8 8 8 8 7 8 8 8 14 14 10 1 4 4 5 28 29 28 29 28 28 28 28 28 28 28 28 10 1 1 2 7 6 8 6 8 7 6 6 7 6 5 25 21 19 20 19 9 14 8 8 8 8 8 8 8 7 8 8 8 8 9 9 14 18 10 1 0 0 1 13 28 28 28 28 28 28 28 29 29 28 28 11 2 2 3 9 6 6 6 6 7 6 7 6 6 6 7 5 8 15 14 9 14
